0.003379	0.077940	0.062644	-0.034607	0.000000	0.053629
0.040860	0.113567	0.068549	-0.003839	-0.032200	0.042170
0.003503	0.100619	0.114477	0.000000	-0.030596	0.051280
-0.054154	0.075328	0.091263	-0.013923	0.000000	0.040966
-0.018085	0.080291	0.076363	0.002521	0.000000	0.000000
0.035357	0.102679	0.055283	0.000000	0.000000	0.033289
0.002260	0.102925	0.117808	-0.033976	0.000000	0.035065
-0.049688	0.095080	0.055083	0.000000	-0.006188	0.038331
-0.017092	0.094218	0.052240	0.000000	0.000000	0.109435
0.054424	0.084733	0.041556	-0.012089	0.000000	0.000000
0.037493	0.100949	0.045405	0.000000	0.000000	0.032372
0.029411	0.116070	0.060583	0.000000	0.000000	0.030309
-0.044617	0.099824	0.062884	0.000000	0.000000	0.029450
-0.031246	0.090870	0.059995	0.000000	0.000000	0.033232
-0.033246	0.101986	0.071073	-0.034779	0.000000	0.044462
0.025519	0.107206	0.090777	-0.031513	0.000000	0.000000
-0.040614	0.117922	0.112982	-0.071906	0.000000	0.033633
-0.067798	0.097650	0.120484	0.000000	-0.007334	0.030195
-0.031401	0.094249	0.057700	0.000000	0.000000	0.109435
-0.021722	0.108080	0.069073	-0.036039	0.000000	0.050535
0.043425	0.116103	0.056052	0.000000	0.000000	0.000000
-0.020618	0.109438	0.051601	0.000000	0.000000	0.035008
-0.033931	0.099278	0.049670	0.000000	0.000000	0.031570
-0.028262	0.096938	0.098902	0.000000	0.000000	0.030481
0.002443	0.107439	0.042336	0.000000	0.000000	0.038159
0.002234	0.111595	0.053672	-0.023950	0.000000	0.034435
-0.053281	0.103958	0.093139	0.000000	-0.028934	0.033461
-0.035708	0.098778	0.049174	0.000000	0.000000	0.028877
-0.033403	0.105563	0.057362	0.000000	0.000000	0.036268
0.040845	0.112669	0.086806	-0.071906	0.000000	0.039419
-0.038567	0.100793	0.054282	0.000000	0.000000	0.036784
-0.041477	0.095890	0.029415	0.000000	0.000000	0.040451
-0.030157	0.099175	0.042393	-0.031169	0.000000	0.062796
0.003155	0.105667	0.063161	-0.061421	0.000000	0.049618
0.002502	0.105280	0.064857	-0.040623	0.000000	0.039190
-0.045521	0.102686	0.042959	0.000000	0.000000	0.033002
-0.031035	0.094594	0.054144	0.000000	0.000000	0.109435
-0.039743	0.094809	0.057322	0.002750	0.000000	0.000000
-0.025488	0.111788	0.087711	-0.047212	0.000000	0.046811
0.029569	0.120930	0.062933	0.000000	0.000000	0.030653
-0.054498	0.108116	0.064309	0.000000	0.000000	0.032487
-0.048515	0.099079	0.074058	0.000000	0.000000	0.031455
-0.019628	0.095568	0.073060	0.000000	0.000000	0.109435
-0.022388	0.116935	0.108582	-0.049905	0.000000	0.046410
0.002223	0.106809	0.115059	-0.054145	0.000000	0.034607
-0.049421	0.106013	0.099910	0.000000	0.000000	0.031799
-0.049963	0.100487	0.103546	0.000000	0.000000	0.028705
-0.023232	0.098359	0.089285	0.000000	0.000000	0.000000
0.002187	0.113818	0.089460	0.000000	0.000000	0.033976
0.002256	0.116405	0.099267	-0.023147	0.000000	0.035008
-0.079374	0.096261	0.097898	-0.024179	0.000000	0.029851
-0.065411	0.100775	0.076182	0.000000	-0.029393	0.000000
-0.031910	0.102846	0.058483	0.000000	0.000000	0.040164
0.003020	0.117581	0.053665	0.000000	0.000000	0.046467
0.002441	0.127032	0.052603	0.000000	0.000000	0.037471
-0.045883	0.109766	0.044993	0.000000	0.000000	0.040394
-0.016913	0.106384	0.038833	0.000000	0.000000	0.054316
0.003747	0.107627	0.045727	0.000000	0.000000	0.058327
0.003531	0.122504	0.062407	0.000000	0.000000	0.053743
-0.043713	0.113942	0.056531	0.000000	0.000000	0.054374
-0.073599	0.102935	0.054511	0.000000	-0.038274	0.047899
-0.041981	0.097342	0.061007	0.000000	-0.011287	0.060562
-0.020858	0.120428	0.083058	-0.033747	0.000000	0.066349
0.002711	0.123750	0.076965	0.000000	0.000000	0.041941
-0.033845	0.113346	0.065757	0.000000	0.000000	0.034091
-0.021878	0.109908	0.061781	0.006303	0.000000	0.032372
0.002046	0.106352	0.062340	0.007678	0.000000	0.031742
0.029506	0.116609	0.079985	0.000000	0.000000	0.040164
-0.029250	0.121395	0.079344	-0.057811	0.000000	0.057410
-0.085222	0.102829	0.046599	-0.002120	0.000000	0.046180
-0.053864	0.104660	0.065344	0.007448	0.000000	0.033575
-0.018409	0.105429	0.069964	0.000000	0.000000	0.043144
0.040986	0.118467	0.079256	0.000000	0.000000	0.047097
-0.032209	0.115007	0.056696	0.000000	0.000000	0.109435
-0.073141	0.108557	0.061259	0.031742	0.000000	0.109435
-0.028919	0.101799	0.063092	0.035867	0.000000	0.109435
-0.023864	0.100115	0.061224	0.000000	0.000000	0.033117
0.028315	0.118584	0.056183	0.000000	0.000000	0.035008
-0.041286	0.114988	0.060548	0.000000	0.000000	0.039190
-0.078109	0.103876	0.072885	0.011918	0.000000	0.109435
-0.031551	0.096382	0.029395	0.000000	0.000000	0.109435
-0.080549	0.097015	0.034177	-0.057067	0.000000	0.033289
0.042912	0.119856	0.096767	-0.042743	0.000000	-0.031742
-0.034301	0.120121	0.107435	0.011402	0.000000	-0.031398
-0.061943	0.107011	0.093551	0.000000	0.000000	-0.070875
-0.058129	0.097065	0.027516	-0.003667	0.000000	-0.051452
-0.002359	0.117819	0.109133	0.000000	0.000000	-0.037070
-0.003651	0.121977	0.068656	0.000000	0.000000	-0.055978
-0.100198	0.105917	0.061278	0.028419	0.000000	-0.039706
-0.058833	0.125425	0.050342	0.053973	0.000000	-0.054374
-0.031448	0.107239	0.051790	0.046238	0.000000	-0.072766
0.020470	0.120548	0.077209	0.007563	0.000000	-0.056207
-0.004493	0.119551	0.079967	0.000000	0.000000	-0.069729
-0.069771	0.111181	0.066891	0.038216	-0.013866	-0.070130
-0.037184	0.108391	0.069426	0.037242	0.000000	-0.073682
-0.033377	0.110181	0.075673	0.041253	0.000000	-0.061478
-0.003876	0.117642	0.100856	0.005042	0.000000	-0.059931
-0.047932	0.112741	0.080609	0.036497	0.007277	-0.060390
-0.087660	0.109056	0.077153	0.057640	0.000000	-0.069844
-0.054224	0.131196	0.096612	0.075057	0.000000	-0.116139
-0.041650	0.140021	0.108449	0.069729	0.039935	-0.098262
-0.003518	0.125504	0.089472	0.037987	0.000000	-0.054889
-0.067224	0.117596	0.071171	0.046581	0.000000	-0.075115
-0.069379	0.125279	0.089782	0.066750	0.000000	-0.070818
-0.046303	0.129139	0.095941	0.083766	0.000000	-0.116826
-0.004035	0.119377	0.092466	0.051051	0.000000	-0.063541
-0.004308	0.127289	0.080584	0.043946	0.000000	-0.066291
-0.090837	0.132031	0.066842	0.121582	0.000000	-0.056780
-0.065568	0.126585	0.085655	0.089095	0.000000	-0.035294
-0.047678	0.125576	0.081656	0.099924	0.000000	-0.057869
-0.029388	0.122709	0.089903	0.066005	0.000000	-0.061306
-0.003177	0.138183	0.091868	0.042170	0.000000	-0.048816
-0.080492	0.120748	0.073658	0.057983	0.000000	-0.078151
-0.071251	0.135087	0.084504	0.077235	0.000000	-0.032544
-0.041367	0.129723	0.085867	0.070531	0.030768	-0.106226
-0.003615	0.120835	0.076574	0.043316	0.000000	-0.057009
-0.004399	0.122085	0.085621	0.005329	0.000000	-0.069099
-0.108005	0.115143	0.083012	0.057410	0.000000	-0.031455
-0.076961	0.127886	0.081685	0.062338	0.000000	-0.063140
-0.042791	0.132329	0.071450	0.063885	0.000000	-0.058785
-0.002902	0.123365	0.084609	0.039133	0.000000	-0.045378
-0.003924	0.125670	0.087271	0.001547	0.000000	-0.059931
-0.083279	0.120561	0.077427	0.045722	0.000000	-0.076490
-0.065934	0.122229	0.077044	0.077922	0.000000	-0.067552
-0.028909	0.140215	0.067880	0.119634	0.000000	-0.046524
-0.003979	0.133216	0.089261	0.048816	0.000000	-0.060562
-0.033319	0.129597	0.078696	0.042284	0.000000	-0.056780
-0.107737	0.122269	0.071992	0.056895	0.000000	-0.040737
-0.079183	0.121964	0.071637	0.053743	0.000000	-0.059416
-0.051678	0.125334	0.076916	0.056207	0.000000	-0.061536
-0.002969	0.121412	0.103798	0.000000	0.000000	-0.046925
-0.046358	0.125717	0.076521	0.043373	0.000000	-0.074255
-0.086857	0.138138	0.090657	0.073510	0.000000	-0.066463
-0.052946	0.131406	0.096259	0.075000	0.000000	-0.029737
-0.028083	0.118606	0.110550	0.053228	0.000000	-0.056780
-0.003982	0.126235	0.098655	0.035180	0.000000	-0.062338
-0.111035	0.118474	0.081914	0.052598	0.000000	-0.034950
-0.085014	0.131618	0.104018	0.087663	0.000000	-0.036039
-0.057329	0.124481	0.104405	0.098377	0.000000	-0.034148
-0.007557	0.142004	0.109063	0.062853	0.000000	-0.116368
-0.002026	0.133113	0.115158	0.035810	0.000000	-0.031054
-0.065084	0.125418	0.104748	0.061536	0.000000	-0.078094
-0.110532	0.136225	0.119812	0.086459	0.000000	-0.044977
-0.071441	0.131812	0.116569	0.096085	0.000000	-0.059759
-0.036918	0.126010	0.123074	0.069500	0.000000	-0.034148
-0.002037	0.134395	0.127243	0.040508	0.000000	-0.031685
-0.077610	0.127458	0.127472	0.051967	0.000000	-0.035924
-0.087969	0.139039	0.138298	0.076604	-0.035466	-0.057582
-0.070007	0.128085	0.124971	0.077521	0.000000	-0.040107
-0.030673	0.126759	0.122486	0.059358	0.000000	-0.038388
-0.002540	0.131960	0.122989	0.043831	0.000000	-0.039362
-0.087945	0.116256	0.117429	0.051623	0.000000	-0.034034
-0.086643	0.135493	0.106882	0.087605	0.000000	-0.058384
-0.051480	0.133061	0.105192	0.086058	0.000000	-0.037987
-0.002265	0.128393	0.130609	0.050019	0.000000	-0.035180
-0.029324	0.129942	0.132027	0.045092	0.000000	-0.029794
-0.112611	0.136590	0.110584	0.078438	0.000000	-0.059358
-0.078697	0.132046	0.114440	0.093335	0.000000	-0.060562
-0.056376	0.136996	0.112441	0.094481	0.000000	-0.058442
-0.004011	0.125783	0.124953	0.050764	0.000000	-0.063140
-0.054655	0.129850	0.098654	0.069557	0.000000	-0.037873
-0.107444	0.140926	0.115981	0.098320	0.000000	-0.044977
-0.066177	0.135634	0.126238	0.103533	0.000000	-0.060791
-0.028974	0.146512	0.135814	0.094882	0.000000	-0.032659
-0.001904	0.135060	0.123444	0.059759	0.000000	-0.029794
-0.076853	0.127420	0.102682	0.073740	0.000000	-0.036096
-0.088983	0.139006	0.124896	0.103132	0.000000	-0.040107
-0.055251	0.133559	0.135213	0.108690	0.000000	-0.062796
-0.007602	0.153729	0.122426	0.067724	0.000000	-0.118774
-0.007936	0.158314	0.113429	0.040107	0.035810	-0.116081
-0.085895	0.129754	0.105866	0.087261	-0.029335	-0.040680
-0.075641	0.139745	0.121348	0.105195	-0.029278	-0.058213
-0.037514	0.138099	0.110957	0.103763	0.000000	-0.036612
-0.007442	0.151706	0.102473	0.050019	0.000000	-0.114993
-0.029312	0.153422	0.104506	0.041826	0.000000	-0.121295
-0.109210	0.145730	0.113018	0.103132	0.000000	-0.058785
